15129
1476
1476
-15129
-1476
-1476
-15129
-1476
-1476
15129
1476
1476
151593856118885962511796372443377531480627953059594573955189758146624
151593856118885962511796372433953268102869074837183356179301936
151593856118885962511796372433953268102869074837183356179301936
-151593856118885962511796372443377531480627953059594573955189758146624
-151593856118885962511796372433953268102869074837183356179301936
-151593856118885962511796372433953268102869074837183356179301936
-151593856118885962511796372443377531480627953059594573955189758146624
-151593856118885962511796372433953268102869074837183356179301936
-151593856118885962511796372433953268102869074837183356179301936
151593856118885962511796372443377531480627953059594573955189758146624
151593856118885962511796372433953268102869074837183356179301936
151593856118885962511796372433953268102869074837183356179301936
1515938561188859625117963724433775394538038247720001123866899293871777632024
1515938561188859625117963724433775394538038247720001123866899293871777632024
