246
135
135
0
-111
111
0
111
-111
-246
-135
-135
10122
24624691357975308642469135797530864
12312357991333333308888889133333330
12312357991333333308888889133333330
0
-12312333366641975333580246664197534
12312333366641975333580246664197534
0
12312333366641975333580246664197534
-12312333366641975333580246664197534
-24624691357975308642469135797530864
-12312357991333333308888889133333330
-12312357991333333308888889133333330
123123469102222222200000000222222225241189
123123469102222222200000000222222225241189
